24
274
273
10000
154
24     119
110    116
157    140
256    141
278    144
368    136
416    122
502    127
593    121
666    130
751    127
801    128
827    144
925    136
991    132
1044   139
1118   115
1159   128
1203   132
1296   136
1375   130
1479   135
1546   127
1621   125
1679   143
1695   141
1726   140
1832   131
1922   117
1978   130
1995   137
2041   141
2119   134
2160   144
2240   145
2315   134
2421   135
2493   143
2527   138
2543   122
2559   115
2654   130
2762   119
2813   123
2883   130
2950   142
2982   135
3009   129
3052   121
3103   125
3162   131
3239   143
3346   116
3427   120
3462   125
3480   126
3548   136
3638   127
3670   123
3761   139
3833   118
3898   143
3946   134
3979   141
4051   140
4096   129
4124   127
4219   129
4289   118
4393   126
4455   131
4497   145
4590   119
4695   130
4769   129
4835   135
4874   119
4891   144
4965   139
5065   133
5159   116
5247   138
5323   121
5352   118
5406   137
5493   123
5534   117
5581   123
5687   130
5796   117
5881   131
5982   139
6049   131
6110   135
6200   131
6266   131
6297   144
6312   143
6392   142
6452   118
6501   144
6599   121
6651   119
6734   125
6758   125
6799   143
6859   141
6912   131
6942   122
7049   117
7149   125
7258   129
7296   143
7317   121
7363   124
7446   130
7494   116
7589   138
7653   117
7737   133
7803   143
7820   124
7929   115
8012   129
8117   137
8135   135
8174   139
8242   130
8349   133
8417   130
8511   141
8589   135
8611   129
8643   124
8717   124
8765   122
8795   144
8854   129
8880   128
8936   127
8987   121
9041   139
9100   129
9186   130
9292   143
9398   123
9472   129
9502   124
9598   135
9642   123
9731   127
9789   133
9864   122
9936   119
