21
244
42
10000
171
16     133
45     132
66     140
107    116
136    139
194    131
262    120
285    120
337    141
446    127
463    128
492    132
587    143
627    126
728    116
787    137
807    125
822    136
853    142
891    132
960    124
985    143
1090   120
1198   115
1220   144
1305   141
1377   139
1427   136
1505   132
1523   139
1566   125
1586   142
1646   131
1742   135
1845   123
1890   142
1911   126
1926   126
1987   124
2078   135
2104   118
2168   118
2264   120
2301   122
2344   117
2433   136
2477   145
2565   125
2669   139
2707   129
2744   119
2837   121
2893   132
2984   121
3045   135
3081   118
3127   129
3143   137
3247   116
3281   144
3316   122
3419   130
3454   116
3542   131
3600   122
3633   124
3690   115
3751   136
3780   123
3852   116
3924   125
3975   127
4033   139
4119   133
4189   121
4209   138
4299   116
4314   118
4343   141
4370   139
4459   118
4509   138
4569   117
4642   122
4714   117
4746   131
4806   129
4899   117
5001   142
5098   128
5188   125
5223   141
5323   131
5407   133
5506   137
5531   131
5572   143
5644   143
5678   143
5751   139
5805   137
5892   116
5987   138
6040   131
6100   136
6155   130
6185   129
6245   140
6318   135
6352   142
6449   133
6525   143
6605   145
6692   134
6791   129
6883   127
6905   124
6925   134
6959   132
7031   119
7110   119
7209   123
7252   145
7276   133
7308   118
7347   130
7426   116
7473   131
7535   139
7585   145
7665   144
7698   140
7798   116
7820   125
7851   130
7918   143
7944   138
7997   134
8015   126
8034   132
8063   137
8142   129
8169   122
8232   121
8259   133
8341   138
8419   125
8525   120
8609   118
8672   145
8690   116
8753   124
8844   134
8944   131
9049   125
9140   138
9184   140
9218   124
9264   132
9342   121
9399   134
9448   130
9494   136
9511   126
9547   138
9633   140
9726   118
9790   126
9810   123
9913   132
9945   132
